Type1
2
2 3
-2 4
3
-10 0 13
4 9 -11
40 15 9

Type2
3*A+2*B-4*C
3 2
0 1 -1
2 1 -4
3 2
-2 1 0
-3 0 2
3 2
1 2 3
4 5 6

Type3
A^2+2A+3E
3
1 2 1
1 3 1
2 1 2
3
1 0 0
0 1 0
0 0 1

Type4
2 3
1 -1
4 2
1 3
3 2
-4 -1 0
0 3 1

Type5
3
2 2 0
-1 5 1
1 0 2

Type6
5 3
2 -1 3 -2 4
4 -2 5 1 7
2 -1 1 8 2
4 4
1 3 5 -1
2 -1 -3 4
7 7 9 1
5 1 -1 7

Type7
3
-1 6 5
1 -1 -3
-2 4 1
3
-14 8 -1
10 -36 -23
5 -2 -8

Type8
3 1 8 12
1 3 7 -3
5 2 1 8

Type1
2
2 -11
11 -8
3
3 7 3
-11 2 0
15 8 9

Type2
5A-6B+2C
4 2
2 7 8 2
3 1 1 3
4 2
1 0 0 2
2 1 8 9
4 2
4 5 1 2
2 1 3 2

Type3
2A^2+3A+6E
3
2 4 8
1 2 3
1 1 5
3
1 0 0
0 1 0
0 0 1

Type4
2 3
3 0
2 -2
0 3
3 2
1 3 2
-1 0 -3

Type5
3
-1 8 -3
10 0 6
1 2 4

Type6
5 3
-1 2 3 -2 4
-2 4 5 1 7
-1 2 1 9 2
4 3
2 -1 -3 4
1 3 5 -1
7 7 9 1

Type7
3
-4 1 3
-2 -1 -1
4 -2 5
3
-7 21 -18
9 1 -6
-4 21 20

Type8
4 6 -7 -31
-1 8 -1 1
2 4 -3 -12

Type1
2
3 7
9 6
3
3 7 1
9 6 2
3 5 4

Type2
5A+6B-7C
4 2
2 3 1 2
4 5 6 7
4 2
1 2 9 11
2 4 2 4
4 2
0 1 0 1
2 1 2 1

Type3
3A^2+4A+7E
3
3 7 2
7 2 3
2 3 7
3
1 0 0
0 1 0
0 0 1

Type4
2 3
1 -2
4 5
1 1
3 2
3 -1 2
2 -1 0

Type5
3
5 4 3
-17 5 0
5 -17 1

Type6
5 3
3 -1 2 -2 4
5 -2 4 1 7
1 -1 2 8 2
4 4
5 1 -1 7
2 -1 -3 4
1 3 5 -1
7 7 9 1

Type7
3
1 0 -2
2 -4 1
4 -5 -3
3
-13 14 11
16 -22 -7
-3 9 -4

Type8
3 -1 -1 -3
1 0 1 5
0 1 -1 -2

Type1
2
2 0
1 9
3
26 -1 11
7 2 0
1 -1 0

Type2
2A+6B-5C
4 2
2 4 2 2
5 3 1 1
4 2
0 1 2 3
1 0 3 2
4 2
6 6 7 8
8 7 6 5

Type3
5A^2+3A+8E
3
3 8 1
1 8 3
8 3 1
3
1 0 0
0 1 0
0 0 1

Type4
2 3
1 -2
4 5
1 1
3 2
3 -1 2
2 -1 0

Type5
3
0 3 9
4 5 1
5 0 0

Type6
5 3
-2 -1 3 2 4
1 -2 5 4 7
8 -1 1 2 2
4 4
7 7 9 1
2 -1 -3 4
5 1 -1 7
1 3 5 -1

Type7
3
-1 -2 -1
-3 3 -2
4 3 1
3
-2 4 5
-30 -20 -21
14 -8 0

Type8
1 0 1 4
2 -1 4 13
2 3 -5 -10

Type1
2
2 4
0 1
3
2 4 5
0 1 3
2 7 8

Type2
5A+7B-8C
4 2
0 2 4 6
1 3 5 7
4 2
-1 4 3 6
2 0 -5 8
4 2
5 6 5 6
6 5 6 5

Type3
2A^2+3A-7E
3
3 8 0
4 2 1
0 1 3
3
1 0 0
0 1 0
0 0 1

Type4
2 3
1 -1
5 1
1 1
3 2
0 -1 0
3 2 -6

Type5
3
-3 3 -1
13 0 6
1 2 4

Type6
5 3
4 -1 3 -2 2
7 -2 5 1 4
2 -1 1 8 2
4 4
1 3 5 -1
5 1 -1 7
2 -1 -3 4
7 7 9 1

Type7
3
5 2 -4
-5 -5 -5
0 -1 -2
3
0 3 6
25 5 -30
-5 -3 -1

Type8
5 8 3 5
-1 2 -1 -1
1 -1 -5 1

Type1
2
3 5
2 1
3
3 5 1
2 1 2
3 1 7

Type2
6A-2B+4C
4 3
2 7 2 1
1 1 3 1
5 6 7 8
4 3
1 0 1 4
2 1 3 0
3 2 0 0
4 3
2 3 1 3
3 2 2 1
2 3 1 2

Type3
2A^2-7A+3E
3
7 2 1
1 3 1
6 7 8
3
1 0 0
0 1 0
0 0 1

Type4
2 3
1 0
2 5
0 -1
3 2
4 -1 -2
1 0 3

Type5
3
1 2 0
6 5 7
7 17 0

Type6
5 3
2 -2 3 -1 4
4 1 5 -2 7
2 8 1 -1 1
4 4
1 3 5 -1
2 -1 -3 4
7 7 9 1
5 1 -1 7

Type7
3
1 0 3
1 -4 1
-2 3 -5
3
10 -7 -10
-14 -3 18
-4 12 1

Type8
1 3 1 3
-1 -2 4 -2
1 -8 -1 -8

Type1
2
1 3
5 6
3
1 3 5
5 6 7
1 8 0

Type2
5A-3B+4C
3 3
1 5 8
4 7 3
1 2 6
3 3
8 0 1
8 0 1
1 1 1
3 3
1 0 0
0 2 0
0 0 31

Type3
2A^2+1A-5E
3
1 5 8
4 7 3
1 2 6
3
1 0 0
0 1 0
0 0 1

Type4
2 3
1 1
4 -2
-3 1
3 2
3 0 2
3 -1 0

Type5
3
1 0 1
-3 5 0
5 -1 1

Type6
5 3
2 3 -1 -2 4
4 5 -2 1 7
2 1 -1 8 2
4 4
1 3 5 -1
7 7 9 1
5 1 -1 7
2 -1 -3 4

Type7
3
-1 1 2
-5 3 5
-2 3 -3
3
-12 -1 39
12 -6 -9
-29 26 3

Type8
-1 2 -3 -2
1 1 -2 0
-1 -3 3 1

Type1
2
4 7
1 3
3
4 7 8
1 3 5
2 4 6

Type2
8A-7B+2C
4 2
1 3 5 7
2 4 6 8
4 2
2 5 1 3
7 6 4 2
4 2
0 4 6 1
3 5 7 2

Type3
5A^2-3A+4E
3
4 7 9
1 3 0
4 1 1
3
1 0 0
0 1 0
0 0 1

Type4
2 3
3 0
0 0
0 -4
3 2
4 2 2
4 1 -3

Type5
3
0 -9 4
-17 5 1
7 0 -1

Type6
5 3
2 3 -1 -2 4
4 5 -2 1 7
2 1 -1 8 2
4 4
1 3 5 -1
7 7 9 1
5 1 -1 7
2 -1 -3 4

Type7
3
-2 0 -5
1 3 -4
-1 3 -5
3
8 31 11
6 14 26
6 25 25

Type8
-2 3 1 8
7 -8 2 13
1 -1 3 21

Type1
2
1 5
2 7
3
1 5 8
2 7 1
1 1 2

Type2
5A-6B+7C
4 3
1 5 8 3
2 7 1 4
1 1 2 3
4 3
4 7 4 7
7 4 7 4
1 2 2 1
4 3
0 3 1 2
1 2 3 0
3 2 0 1

Type3
5A^2-6A+7E
3
5 8 3
7 1 4
1 2 3
3
7 4 7
4 7 4
2 2 1

Type4
2 3
2 -1
4 2
1 3
3 2
-1 2 0
0 3 1

Type5
3
-2 3 2
0 1 8
4 1 2

Type6
5 3
2 -1 4 -2 3
4 -2 7 1 5
2 -1 2 8 1
4 4
5 3 1 -1
-3 -1 2 4
-1 1 5 7
9 7 7 1

Type7
3
-3 -4 2
-3 -3 1
-2 4 2
3
13 41 -3
9 7 -1
30 15 -17

Type8
8 -15 1 2
3 2 2 13
4 -1 3 10

Type1
2
1 4
2 5
3
1 4 7
2 5 6
3 1 8

Type2
8A+2B-5C
3 3
1 4 7
2 5 6
3 1 8
3 3
2 1 3
1 3 2
3 1 2
3 3
0 3 5
5 4 1
6 7 0

Type3
1A^2+5A-6E
3
1 4 7
2 5 6
3 1 8
3
1 0 0
0 1 0
0 0 1

Type4
2 3
1 0
3 -2
-1 3
3 2
1 3 2
4 1 2

Type5
3
-8 -2 1
5 10 -6
4 6 4

Type6
5 3
2 -1 3 4 -2
4 -2 5 7 1
2 -1 1 2 8
4 4
5 3 1 -1
-3 -1 2 4
-1 1 5 7
9 7 7 1

Type7
3
0 -1 1
-5 -3 -2
2 5 -5
3
0 -3 5
-15 6 -5
4 17 -17

Type8
10 -2 3 8
2 1 4 14
3 1 -1 5

Type1
2
2 1
1 8
3
2 1 4
1 8 3
2 5 4

Type2
2A-7B+5C
4 3
2 1 4 5
1 8 3 1
2 7 4 5
4 3
1 3 3 1
2 1 1 8
4 0 0 2
4 3
2 5 3 1
4 2 0 3
1 1 0 1

Type3
2A^2+3A+7E
3
2 1 4
1 8 3
2 7 4
3
1 0 0
0 1 0
0 0 1

Type4
2 3
3 -2
-3 5
1 1
3 2
-4 5 7
2 -1 0

Type5
3
1 1 1
1 1 0
5 3 3

Type6
5 3
4 -2 5 1 7
2 -1 3 -2 4
2 -1 1 8 2
4 4
5 3 1 -1
-3 -1 2 4
9 7 7 1
-1 1 5 7

Type7
3
1 1 2
0 2 3
5 0 3
3
-14 -2 -11
-23 -7 -24
5 10 18

Type8
1 -8 3 2
5 -3 2 8
3 7 1 13

Type1
2
2 4
1 3
3
2 4 7
1 3 0
4 5 6

Type2
2A-7B+4C
4 3
2 2 7 8
1 3 0 2
4 5 6 1
4 3
0 3 2 1
4 5 0 2
1 3 1 3
4 3
4 7 8 9
9 8 7 4
5 6 6 5

Type3
3A^2+5A+3E
3
2 4 7
1 3 0
4 5 6
3
1 0 0
0 1 0
0 0 1

Type4
2 3
3 1
-2 4
0 15
3 2
3 0 6
-2 0 1

Type5
3
3 1 1
-2 5 0
1 7 4

Type6
5 3
2 -1 3 -2 4
4 -2 5 1 7
2 -1 1 8 2
4 4
-1 3 5 1
4 -1 -1 7
7 1 9 5
1 7 -3 7

Type7
3
-1 -4 4
-3 -3 1
2 5 -2
3
20 -24 -29
2 -3 -16
-16 18 25

Type8
4 -1 0 7
5 1 1 0
1 1 2 -6

13
Type1
2
3 4
1 0
3
3 4 5
1 0 1
2 3 1

Type2
2A-8B+9C
4 3
3 4 5 6
1 0 1 0
2 3 1 4
4 3
4 7 1 9
1 0 2 1
3 1 7 8
4 3
0 8 3 5
6 7 5 7
3 4 2 1

Type3
5A^2+4A-3E
3
3 4 5
1 0 1
2 3 1
3
1 0 0
0 1 0
0 0 1

Type4
2 3
-2 3
5 0
8 0
3 2
0 8 0
3 0 0

Type5
3
-3 -2 2
5 0 -6
4 1 4

Type6
5 3
4 -2 6 -4 8
8 -4 10 2 14
4 -2 2 16 4
4 4
2 3 5 -1
4 -1 3 4
10 1 -1 7
14 7 9 1

Type7
3
-5 1 -2
5 -3 2
-3 2 -1
3
4 -7 1
25 -20 9
14 -8 6

Type8
1 1 1 10
1 2 -1 12
2 -1 2 8

14
Type1
2
3 5
4 1
3
3 5 1
4 1 2
3 2 4

Type2
5A-2B+4C
4 3
3 5 1 8
4 1 2 3
3 2 4 1
4 3
4 1 2 3
5 0 8 9
1 3 0 1
4 3
1 2 2 1
0 3 5 6
7 8 9 6

Type3
2A^2+3A-4E
3
3 5 1
4 1 2
3 2 4
3
1 0 0
0 1 0
0 0 1

Type4
2 3
3 4
2 5
0 5
3 2
-3 2 4
1 0 3

Type5
3
0 5 5
8 7 0
5 9 1

Type6
5 3
2 -1 6 -2 4
4 -2 10 1 7
2 -1 2 8 2
4 4
1 3 5 -1
4 -2 -6 8
10 2 -2 7
7 7 9 1

Type7
3
-3 4 -2
0 -5 0
1 0 4
3
-6 -15 29
-10 25 -15
18 -5 -19

Type8
1 1 2 4
1 2 3 6
2 3 4 9

15
Type1
2
1 2
6 3
3
1 2 4
6 3 1
3 1 8

Type2
2A-7B+5C
4 3
1 2 4 5
6 3 1 2
3 1 8 9
4 3
4 2 3 8
1 2 5 6
3 1 8 9
4 3
1 2 3 4
4 3 2 1
1 2 2 1

Type3
5A^2+8A+-9E
3
1 2 4
6 3 1
3 1 8
3
1 0 0
0 1 0
0 0 1

Type4
2 3
2 -4
4 0
-6 1
3 2
3 0 2
4 0 0

Type5
3
0 4 6
-1 -1 3
5 -3 -4

Type6
5 3
6 1 3 -2 4
12 2 5 1 7
6 1 1 8 2
4 4
1 3 5 -1
-2 1 3 -4
5 1 -1 7
14 14 18 2

Type7
3
3 2 4
-1 -3 -2
4 -5 2
3
-15 6 -12
-12 32 0
-10 20 0

Type8
-1 2 -3 -2
1 2 -2 0
-1 -3 3 1

16
Type1
2
1 2
2 3
3
1 2 4
2 3 1
4 5 7

Type2
2A-7B+5C
4 3
1 2 4 5
2 3 1 0
4 5 7 9
4 3
2 3 3 3
1 2 2 2
5 6 5 6
4 3
1 2 0 3
4 5 1 2
3 1 0 7

Type3
5A^2+A+7E
3
1 2 4
2 3 1
4 5 7
3
1 0 0
0 1 0
0 0 1

Type4
2 3
2 0
1 0
0 -5
3 2
1 4 3
4 1 -8

Type5
3
8 2 0
4 5 3
7 2 3

Type6
3 3
2 4 2
-1 -2 -1
3 5 1
4 4
2 6 10 -2
2 -1 9 4
5 1 -1 7
7 7 9 1

Type7
3
2 -5 3
3 -4 2
1 4 -5
3
-25 -11 -17
-26 -6 -19
7 14 -2

Type8
3 -1 0 81
3 -1 1 82
1 0 1 10

17
Type1
2
1 2
4 8
3
1 2 5
4 8 9
3 2 0

Type2
4A-7B+8C
4 3
1 2 5 7
4 8 9 1
3 2 0 4
4 3
7 3 2 1
1 2 3 7
4 8 9 6
4 3
4 4 4 4
2 2 2 2
1 1 1 1

Type3
7A^2+5A-8E
3
1 2 5
4 8 9
3 2 0
3
1 0 0
0 1 0
0 0 1

Type4
2 3
1 -2
2 0
1 1
3 2
3 -1 2
4 2 4

Type5
3
8 -3 5
5 -6 8
4 4 1

Type6
5 3
1 -1 3 -2 4
2 -2 5 1 7
1 -1 1 8 2
4 4
2 3 5 -1
4 -1 -3 4
10 1 -1 7
14 7 9 1

Type7
3
-3 0 -1
-2 -1 2
-4 5 -3
3
-4 -2 4
1 -5 2
18 -8 4

Type8
-7 1 8 1
1 -1 -1 0
2 4 -5 -3

18
Type1
2
1 2
2 3
3
1 2 3
2 3 4
7 8 9

Type2
4A+B-6C
4 3
1 2 3 4
2 3 4 5
7 8 9 0
4 3
4 7 8 0
5 6 3 1
2 0 3 1
4 3
1 2 1 1
2 2 0 1
4 2 3 1

Type3
3A^2+4A-7E
3
1 2 3
2 3 4
7 8 9
3
1 0 0
0 1 0
0 0 1

Type4
2 3
3 -1
4 0
3 4
3 2
7 6 1
-2 0 1

Type5
3
5 4 5
-1 5 0
5 -3 -4

Type6
5 3
1 3 3 -2 4
2 6 5 1 7
1 3 1 8 2
4 4
2 6 10 -2
4 -2 -6 8
5 1 -1 7
7 7 9 1

Type7
3
4 -1 -1
2 -2 -5
5 -5 5
3
-2 9 7
5 9 -1
-5 5 15

Type8
1 2 -4 -5
-1 -2 1 5
1 1 8 -2

19
Type1
2
4 7
3 8
3
4 7 2
3 8 31
0 1 2

Type2
4A+2B-6C
4 3
4 7 2 1
3 8 3 0
0 1 2 3
4 3
1 6 7 3
2 3 4 1
3 5 6 8
4 3
4 3 1 2
0 8 1 8
4 3 2 5

Type3
A^2+5A+6E
3
4 7 2
3 8 3
0 1 2
3
1 0 0
0 1 0
0 0 1

Type4
2 3
1 -2
2 0
1 1
3 2
1 5 3
3 2 -6

Type5
3
3 2 9
2 1 1
5 0 0

Type6
5 3
6 1 3 2 4
12 2 5 -1 7
6 1 1 -8 2
4 4
1 1 3 5
-4 2 -1 -3
-7 5 1 -1
-1 7 7 9

Type7
3
-4 -5 -3
1 -4 -3
0 2 3
3
-16 -26 -21
-12 -5 6
20 15 0

Type8
5 -2 1 7
1 -1 0 0
1 1 -4 0

20
Type1
2
3 2
1 3
3
3 2 4
1 3 5
7 8 3

Type2
4A+2B-3C
4 3
3 2 4 8
1 3 5 6
7 8 3 1
4 3
4 3 1 1
1 2 2 1
3 1 0 2
4 3
4 0 0 3
2 1 1 5
6 7 8 9

Type3
2A^2+4A-3E
3
3 2 4
1 3 5
7 8 3
3
1 0 0
0 1 0
0 0 1

Type4
2 3
7 0
7 5
0 -1
3 2
4 1 2
-8 -5 -4

Type5
3
0 3 4
-2 1 3
7 1 -2

Type6
5 3
4 1 -1 3 4
7 2 -2 5 -2
2 1 -1 1 -16
4 4
7 7 9 1
-2 1 3 4
5 1 -1 7
2 6 10 -2

Type7
3
0 1 2
0 3 0
-1 -1 -3
3
2 2 7
-12 -12 -9
0 -9 -11

Type8
-1 -1 1 4
-1 2 -2 17
3 4 1 4

Type1
2
3 2
5 7
3
3 2 1
5 7 3
4 5 7

Type2
4A-2B+7C
4 3
3 2 1 4
5 7 3 0
4 5 6 1
4 3
4 2 1 3
0 1 3 5
1 4 3 2
4 3
4 6 7 8
7 8 3 5
6 7 1 3

Type3
4A^2+3A-6E
3 3
3 2 1
5 7 3
4 5 6
3 3
1 0 0
0 1 0
0 0 1

Type4
2 3
-1 0
4 -3
3 1
3 2
3 0 2
5 7 -10

Type5
3
1 3 -2
2 5 3
3 1 3

Type6
5 3
8 3 1 -2 -2
14 5 2 -4 1
4 1 1 -2 8
4 4
4 -2 -6 8
7 7 9 1
1 3 5 1
5 1 -1 7

Type 7
3
- 1 -1 4
0 -2 2
-3 0 -3
3
9 -4 13
0 10 -10
-1 3 0

Type8
5 -4 +8 9
1 10 3 14
-2 8 -7 -1

Type1
2
2 3
-2 4
3
1 2 5
3 4 7
5 6 9

Type2
4A+2B-6C
4 3
1 2 5 6
3 4 7 8
5 6 9 4
4 3
3 1 2 3
2 2 3 1
1 3 1 2
4 3
1 3 1 3
3 1 3 1
3 1 1 3 

Type3
3A^2+4A+7E
3
1 2 5
3 4 6
5 6 9
3
1 0 0
0 1 0
0 0 1

Type4
2 3
3 0
-3 1
0 2
3 2
7 -3 -1
4 1 3

Type5
3
5 0 1
10 -1 0
2 0 1
5 3
3 1 -3 -2 4
5 2 -6 1 7
1 1 -3 8 2
4 4
2 6 5 -1
4 -2 -3 4
10 2 -1 7
14 14 9 1

Type7
3
-1 1 4
-1 0 -2
-4 0 5
3
-8 -1 11
12 7 -5
-4 2 19

Type 8
5 -8 11 13
1 3 7 12
-1 -4 -3 -1

Type1
2
3 8
4 5
3
3 8 9
4 5 1
1 1 0

Type2
4A-2B+3C
4 3
3 8 9 1
4 5 1 3
1 1 0 2
4 3
1 2 3 4
4 3 2 1
1 4 2 3
4 3
0 3 0 3
4 2 5 6
7 1 1 8

Type 3
3A^2+8A-9E
3
3 8 9
4 5 1
1 1 0
3
1 0 0
0 1 0
0 0 1

Type 4
2 3
4 2
0 2
-1 0
3 2
-1 2 0
8 -5 3

Type5
3
-2 -1 2
0 5 -6
1 2 4

Type6
5 3
10 -2 2 1 7
10 -2 2 1 7
2 -1 1 8 2
4  4
1 3 5 1
4 -2 -6 8
5 1 -1 7
7 7 9 1

Type7
3
-1 -4 3
-2 1 -5
0 -1 2
3
9 9 6
10 2 18
11 6 15

Type8
1 10 -2 1
2 1 7 -4
5 -3 -1 12

Type1
2
3 8
4 5
3
3 8 1
4 5 7
1 2 0

Type2
4A-2B+3C
4 3
3 8 1 0
4 5 7 3
1 2 0 1
4 3
4 3 1 1
2 5 2 3
1 7 0 0
4 3
4 3 1 5
2 7 8 3
1 1 3 2

Type3
3A^2+8A-E
3
3 8 1
4 5 7
1 2 0
3
1 0 0
0 1 0
0 0 1

Type4
2 3
4 5
3 -1
-1 3
3 2
1 0 2
4 1 2

Type5
3
-2 3 10
5 0 1
4 1 2

Type6
5 3
4 -2 2 16 4
2 -1 3 -2 4
4 -2 5 1 7
4 4
10 2 -2 14
7 7 9 1
1 3 5 -1
2 -1 -3 4

Type 7
3
-2 -1 -4
-3 0 2
-3 2 -2
3
-18 17 -7
0 8 5
-8 14 11

Type8
3 2 11 16
-1 5 -7 6
2 7 1 10

Type1
2
4 5
3 8
3
4 5 1
3 8 4
1 3 4

Type2
4A+5B-11C
4 3
4 5 1 1
3 8 4 2
1 3 4 1
4 3
0 1 2 4
4 5 6 7
3 2 1 4
4 3
1 3 5 7
4 8 9 6
1 3 0 2

Type3
4A^2+5A+E
3
4 5 1
3 8 4
1 3 4
3
1 0 0
0 1 0
0 0 1

Type4
2 3
3 0
2 0
1 3
3 2
-1 3 1
2 -3 0

Type5
3
-1 -2 1
5 0 -1
4 6 4

Type6
5 3
8 -4 10 2 14
2 -1 3 -2 4
2 -1 1 8 2
4 4
-2 3 1 5
8 -1 2 -3
14 1 5 -1
2 7 7 9

Type 7
3
3 2 -1
3 0 -5
4 3 2
3
18 17 12
-5 -14 -25
-8 -11 -22

Type8
3 6 2 11
5 1 -3 3
1 -1 3 21

Type9
2
2 3
-2 4
3
-10 0 13
4 9 -11
40 15 9

Type9
2
2 -11
11 -8
3
3 7 3
-11 2 0
15 8 9

Type9
2
2 0
1 9
3
26 -1 11
7 2 0
1 -1 0

Type9
2
2 0
1 9
3
26 -1 11
7 2 0
1 -1 0

Type9
2
2 -47
-3 4
3
-8 0 13
0 -9 11
2 8 9

Type9
2
2 45
7 -23
3
0 2 3
5 12 8
-8 -5 9

Type9
2
2 42
-1 4
3
-2 0 1
11 5 6
13 1 -7

Type9
2
2 -10
13 9
3
9 -4 12
8 2 -7
1 13 0

Type9
2
2 -12
12 4
3
2 3 10
4 9 -5
7 11 9

Type9
2
2 7
-11 4
3
9 0 -3
4 5 1
3 1 5

Type9
2
41 0
17 9
3
0 -8 2
7 11 6
1 -1 0

Type9
2
-8 13
0 -6
3
-8 0 2
-11 13 3
1 19 1

Type9
2
37 5
4 -12
3
5 2 15
5 10 8
-9 16 1

Type9
2
18 8
-7 9
3
-11 35 2
1 29 15
9 1 7

Type9
2
31 -15
-3 9
3
7 -4 -12
8 2 1
4 9 0

Type9
2
-14 3
12 4
3
-27 3 -6
4 9 19
-4 0 -4

Type9
2
29 18
8 -2
3
5 -21 3
4 2 0
5 -1 -9

Type9
2
19 7
11 4
3
3 -14 12
7 18 8
15 1 5

Type9
2
20 -11
6 13
3
24 -1 2
7 -23 0
1 -44 0

Type9
2
13 -20
9 4
3
1 2 4
2 3 1
5 5 2

Type9
2
17 27
1 -6
3
1 13 2
9 -11 1
7 40 1

Type9
2
8 36
0 9
3
-13 0 9
-17 8 9
-15 1 -1

Type9
2
10 9
15 9
3
13 -4 15
11 2 -8
7 10 4

Type9
2
11 33
-3 9
3
0 -1 7
11 2 6
36 3 33

Type9
2
19 2
0 4
3
-12 5 1
-4 -5 6
3 11 10

Type9
2
5 -39
4 8
3
10 -6 1
5 0 9
0 6 3

Type9
2
2 16
10 -12
3
0 -3 4
5 2 7
7 -2 3

Type9
2
2 9
-11 40
3
0 7 17
1 43 -8
5 8 2

Type9
2
23 21
21 4
3
8 -8 4
0 -9 3
3 8 9
